1 1
11 2
21 8
31 12
41 25
51 26
61 34
71 46
81 76
91 72
101 88
111 108
121 129
131 190
141 247
151 209
161 309
171 286
181 305
191 345
201 436
211 437
221 452
231 593
241 518
251 562
261 620
271 642
281 686
291 793
301 810
311 856
321 940
331 1110
341 1191
351 1181
361 1172
371 1286
381 1272
391 1837
401 1418
411 1516
421 1560
431 1651
441 1727
451 1800
461 2118
471 2040
481 2027
491 2332
501 2224
511 2343
521 2952
531 2562
541 2537
551 2630
561 2861
571 2897
581 3033
591 3066
601 3272
611 3390
621 3647
631 4324
641 4534
651 3704
661 3948
671 4216
681 4116
691 4255
701 4389
711 4803
721 4553
731 5128
741 5977
751 4919
761 5520
771 5593
781 5813
791 5792
801 5806
811 5758
821 5945
831 6301
841 6289
851 6519
861 6702
871 6699
881 7176
891 7422
901 7136
911 10984
921 7350
931 8412
941 7703
951 8012
961 9285
971 8935
981 8703
991 9856
1001 8775
1011 9216
1021 9280
1031 10148
1041 9811
1051 9910
1061 9927
1071 10524
1081 11244
1091 11646
1101 10617
1111 11397
1121 12009
1131 12233
1141 11831
1151 11838
1161 11819
1171 12826
1181 14175
1191 12503
1201 12909
1211 14202
1221 13190
1231 13090
1241 15004
1251 14067
1261 13932
1271 16780
1281 14588
1291 15164
1301 16698
1311 16743
1321 15939
1331 17224
1341 15887
1351 16517
1361 17065
1371 16797
1381 18057
1391 19127
1401 17547
1411 17702
1421 19456
1431 20961
1441 21085
1451 18797
1461 19477
1471 19748
1481 20488
1491 19865
1501 22100
1511 20822
1521 21781
1531 20949
1541 21361
1551 21421
1561 21676
1571 22510
1581 22979
1591 24594
1601 43406
1611 24514
1621 26032
1631 23944
1641 25298
1651 24816
1661 24742
1671 25931
1681 27477
1691 27801
1701 27707
1711 26087
1721 27203
1731 27037
1741 26868
1751 27622
1761 29185
1771 28301
1781 28524
1791 28403
1801 29816
1811 30959
1821 30411
1831 30899
1841 32434
1851 30364
1861 32977
1871 31200
1881 32688
1891 31664
1901 32369
1911 35384
1921 36749
1931 34489
1941 34798
1951 34445
1961 36872
1971 35187
1981 36694
1991 36012
2001 36958
2011 36620
2021 36411
2031 39728
2041 37636
2051 38670
2061 39630
2071 39042
2081 40785
2091 50139
2101 45781
2111 43627
2121 42177
2131 42489
2141 41324
2151 42534
2161 44057
2171 42234
2181 43050
2191 49160
2201 44115
2211 44698
2221 47462
2231 46238
2241 44921
2251 46488
2261 49867
2271 48292
2281 47743
2291 47409
2301 49594
2311 49063
2321 48348
2331 48298
2341 50107
2351 51069
2361 49662
2371 50631
2381 50990
2391 51943
2401 52036
2411 53307
2421 53213
2431 57385
2441 56953
2451 55889
2461 56549
2471 85971
2481 56936
2491 59732
2501 56586
2511 57613
2521 58795
2531 59277
2541 58402
2551 60265
2561 64250
2571 64135
2581 63012
2591 62005
2601 62696
2611 61954
2621 61175
2631 65917
2641 62708
2651 63516
2661 63547
2671 63470
2681 65422
2691 68444
2701 72297
2711 66339
2721 85369
2731 68672
2741 68164
2751 70499
2761 69337
2771 69766
2781 74081
2791 73784
2801 73403
2811 74056
2821 74929
2831 71846
2841 72788
2851 73942
2861 74464
2871 74743
2881 74694
2891 75268
2901 76688
2911 78603
2921 79801
2931 77743
2941 77486
2951 79087
2961 80551
2971 97741
2981 79841
2991 81849
3001 84377
3011 81824
3021 85908
3031 88264
3041 83729
3051 85398
3061 84069
3071 83688
3081 86936
3091 86389
3101 88542
3111 86898
3121 90555
3131 93191
3141 92143
3151 95940
3161 95204
3171 91424
3181 93961
3191 122484
3201 91899
3211 95722
3221 94804
3231 92609
3241 95690
3251 101459
3261 94816
3271 95513
3281 97556
3291 97434
3301 100011
3311 104429
3321 99583
3331 104435
3341 104174
3351 100856
3361 100610
3371 100574
3381 102483
3391 139292
3401 103649
3411 104373
3421 106443
3431 106582
3441 112775
3451 111673
3461 107996
3471 112846
3481 107757
3491 114577
3501 110207
3511 112443
3521 109982
3531 115245
3541 111955
3551 121777
3561 113011
3571 112609
3581 118803
3591 115844
3601 115419
3611 116570
3621 125597
3631 123230
3641 118557
3651 119086
3661 119544
3671 119747
3681 122754
3691 127848
3701 125316
3711 125525
3721 122628
3731 128209
3741 126698
3751 129017
3761 132519
3771 132548
3781 127337
3791 132861
3801 131221
3811 129591
3821 130263
3831 133495
3841 135457
3851 135736
3861 135240
3871 135224
3881 134200
3891 135311
3901 144238
3911 137007
3921 141771
3931 142871
3941 141083
3951 139953
3961 147496
3971 143209
3981 140969
3991 145188
4001 141933
4011 147053
4021 150388
4031 148048
4041 145233
4051 153479
4061 149860
4071 148292
4081 165830
4091 227533
4101 153155
4111 154823
4121 156208
4131 152386
4141 160951
4151 153569
4161 154412
4171 159871
4181 155020
4191 157587
4201 162915
4211 162480
4221 160542
4231 176022
4241 162242
4251 164908
4261 167425
4271 166356
4281 164844
4291 166594
4301 167056
4311 173129
4321 170664
4331 166844
4341 178445
4351 168255
4361 204831
4371 173054
4381 178287
4391 178475
4401 172694
4411 175639
4421 174283
4431 177297
4441 175206
4451 177968
4461 180856
4471 182369
4481 210720
4491 178890
4501 181747
4511 187922
4521 185467
4531 182373
4541 183067
4551 187200
4561 188348
4571 195530
4581 187612
4591 189154
4601 187199
4611 196046
4621 191858
4631 191448
4641 194403
4651 193596
4661 198074
4671 196407
4681 197354
4691 195026
4701 199040
4711 203173
4721 216003
4731 201701
4741 201224
4751 205063
4761 206518
4771 205945
4781 207462
4791 209798
4801 208366
4811 206369
4821 224222
4831 212012
4841 217398
4851 221689
4861 276598
4871 321599
4881 278190
4891 381728
4901 307472
4911 252500
4921 251401
4931 261593
4941 277645
4951 238678
4961 240549
4971 254702
4981 262798
4991 244732
5001 281375
5011 265470
5021 246793
5031 269831
5041 252121
5051 266115
5061 254753
5071 250134
5081 248868
5091 281283
5101 239671
5111 242551
5121 251402
5131 244443
5141 241619
5151 242899
5161 251027
5171 247011
5181 246339
5191 279936
5201 258516
5211 254010
5221 249900
5231 254718
5241 263733
5251 259529
5261 263776
5271 326087
5281 284845
5291 274042
5301 291433
5311 279154
5321 281051
5331 286749
5341 296691
5351 289257
5361 318396
5371 294696
5381 291871
5391 294140
5401 315452
5411 287549
5421 282334
5431 283942
5441 308930
5451 273020
5461 284684
5471 288772
5481 281115
5491 278315
5501 290607
5511 279488
5521 306405
5531 286357
5541 287372
5551 289151
5561 293836
5571 296605
5581 294525
5591 312496
5601 343876
5611 319136
5621 331581
5631 324097
5641 315507
5651 338541
5661 316929
5671 320882
5681 357612
5691 321032
5701 329927
5711 340037
5721 322332
5731 322049
5741 313019
5751 324710
5761 311945
5771 316477
5781 309807
5791 315214
5801 314658
5811 315573
5821 312566
5831 327662
5841 314117
5851 318801
5861 323878
5871 319341
5881 341721
5891 375327
5901 404921
5911 379949
5921 357309
5931 358245
5941 368205
5951 351591
5961 357117
5971 352915
5981 430213
5991 418133
6001 409980
6011 371548
6021 426183
6031 369536
6041 364228
6051 473867
6061 345360
6071 368067
6081 472965
6091 375856
6101 435042
6111 376649
6121 401235
6131 430561
6141 389629
6151 434532
6161 427456
6171 402619
6181 356557
6191 375490
6201 357483
6211 357057
6221 410642
6231 377708
6241 383475
6251 375875
6261 401118
6271 463762
6281 416725
6291 381688
6301 439517
6311 406950
6321 439443
6331 437912
6341 399886
6351 513029
6361 507451
6371 492756
6381 422446
6391 414028
6401 434592
6411 424567
6421 410283
6431 401803
6441 420126
6451 397033
6461 405305
6471 414529
6481 428902
6491 391744
6501 396425
6511 561051
6521 455954
6531 425667
6541 446023
6551 409738
6561 412175
6571 429603
6581 487623
6591 415183
6601 440767
6611 418281
6621 411581
6631 442970
6641 580825
6651 516427
6661 498373
6671 473719
6681 463003
6691 473186
6701 464102
6711 506795
6721 458831
6731 474694
6741 476477
6751 490525
6761 476905
6771 539780
6781 555729
6791 530248
6801 601829
6811 585124
6821 597436
6831 479516
6841 466577
6851 481106
6861 501753
6871 485921
6881 588137
6891 475341
6901 462794
6911 490171
6921 464891
6931 482696
6941 462874
6951 478330
6961 479848
6971 481665
6981 466926
6991 513096
7001 472609
7011 479695
7021 482985
7031 487173
7041 502665
7051 513744
7061 508858
7071 511237
7081 497863
7091 499716
7101 546419
7111 503332
7121 556719
7131 511292
7141 514514
7151 532371
7161 506235
7171 528836
7181 524948
7191 515007
7201 522651
7211 559910
7221 536514
7231 514821
7241 523285
7251 533508
7261 568902
7271 535586
7281 539309
7291 539294
7301 528622
7311 560537
7321 538454
7331 565135
7341 532971
7351 535903
7361 589001
7371 539919
7381 546478
7391 571221
7401 547039
7411 575627
7421 555599
7431 550523
7441 555798
7451 563897
7461 565366
7471 574054
7481 551263
7491 563657
7501 569685
7511 623211
7521 573033
7531 564916
7541 564643
7551 572146
7561 587687
7571 579573
7581 586945
7591 587750
7601 584372
7611 610825
7621 589144
7631 583245
7641 601647
7651 587180
7661 611584
7671 587458
7681 624939
7691 637442
7701 620681
7711 603483
7721 626578
7731 617210
7741 632685
7751 636921
7761 616821
7771 624828
7781 618874
7791 641680
7801 604094
7811 611776
7821 600183
7831 606528
7841 643237
7851 608841
7861 629802
7871 631881
7881 628534
7891 653116
7901 617948
7911 617427
7921 618381
7931 689313
7941 633366
7951 629150
7961 645195
7971 657906
7981 646862
7991 644980
8001 625503
8011 644562
8021 677906
8031 627546
8041 639368
8051 674100
8061 647351
8071 669681
8081 650423
8091 650182
8101 656275
8111 697359
8121 644075
8131 660665
8141 651338
8151 654413
8161 685473
8171 676560
8181 657935
8191 667618
8201 684729
8211 669145
8221 713131
8231 685141
8241 716333
8251 674032
8261 681073
8271 680124
8281 712303
8291 717062
8301 685852
8311 695382
8321 725756
8331 703334
8341 702994
8351 685280
8361 736357
8371 691341
8381 714502
8391 699502
8401 784155
8411 719728
8421 720413
8431 697761
8441 761825
8451 719114
8461 740276
8471 742726
8481 728450
8491 719469
8501 735930
8511 744646
8521 735245
8531 735101
8541 738700
8551 756684
8561 741442
8571 733496
8581 831823
8591 800050
8601 738914
8611 758459
8621 892441
8631 745217
8641 748555
8651 761893
8661 788028
8671 763293
8681 754575
8691 747442
8701 786358
8711 771209
8721 764767
8731 792298
8741 763356
8751 782115
8761 766107
8771 832475
8781 767498
8791 749948
8801 798013
8811 777271
8821 774269
8831 775869
8841 792055
8851 784549
8861 784187
8871 780345
8881 796980
8891 764449
8901 798090
8911 841348
8921 803592
8931 793042
8941 790984
8951 835538
8961 799880
8971 793534
8981 834024
8991 813333
9001 836881
9011 832864
9021 862017
9031 805103
9041 806952
9051 855438
9061 827166
9071 821357
9081 873536
9091 813650
9101 829149
9111 821716
9121 845598
9131 840258
9141 816989
9151 867095
9161 828890
9171 856231
9181 879218
9191 845548
9201 839376
9211 879422
9221 839161
9231 862072
9241 848567
9251 909494
9261 850207
9271 869352
9281 874987
9291 858156
9301 869293
9311 908681
9321 867892
9331 876405
9341 887525
9351 873194
9361 871961
9371 874698
9381 894845
9391 897476
9401 881293
9411 888345
9421 903567
9431 869718
9441 876553
9451 910617
9461 879332
9471 884948
9481 913693
9491 886303
9501 897142
9511 1050059
9521 1160346
9531 1057181
9541 1161770
9551 881280
9561 901558
9571 880193
9581 858279
9591 912439
9601 903554
9611 973950
9621 1002103
9631 967811
9641 950593
9651 972735
9661 874660
9671 880546
9681 899926
9691 877498
9701 881308
9711 964239
9721 966839
9731 982729
9741 999968
9751 979624
9761 949951
9771 926716
9781 900020
9791 894555
9801 921518
9811 911562
9821 981317
9831 1034421
9841 989308
9851 1032443
9861 1018859
9871 918111
9881 926750
9891 946068
9901 920042
9911 905250
9921 1036310
9931 1025782
9941 1014000
9951 1162953
9961 1055305
9971 957227
9981 969410
9991 950022